! derivatives of dielectric tensors calculated for laser frequency 1.9600 eV
! from VASP vasprun.xml files
!
! Unit cell matrix:
!      3.1824910678533911   -1.5912455339266955    0.0000000000000000
!      0.0000000000000000    2.7561181120781018    0.0000000000000000
!      0.0000000000000000   -0.0000000000000000   24.0235132147428381
!
! derivatives of dielectric tensors
! The Real Part of dielectric tensor derivatives:
      Mo1    0.333333   0.666667   0.500000
          0.0000        -42.8459          0.0000        -48.2969          0.0000          0.0000          0.0000          0.0000          0.0000
        -42.8459          0.0000          0.0000          0.0000         48.3807          0.0000          0.0000          0.0000          0.0000
          0.0000          0.0000          0.0000          0.0000          0.0000          0.0000          0.0000          0.0000          0.0000
      S1     0.666667   0.333333   0.435027
          0.0000         21.3810         -8.3847         24.2323          0.0000          0.0000        -59.0615          0.0000          0.0000
         21.3810          0.0000         -0.5869          0.0000        -24.2323         -8.3849          0.0000        -59.0615         -0.0000
         -8.3847         -0.5869          0.0000          0.0000         -8.3849          0.0000          0.0000         -0.0000        -33.5577
      S2     0.666667   0.333333   0.564973
          0.0000         21.3810          8.3847         24.2323          0.0000         -0.0000         59.0615          0.0000          0.0000
         21.3810          0.0000          0.5869          0.0000        -24.2323          8.4687          0.0000         59.0615          0.0000
          8.3847          0.5869          0.0000         -0.0000          8.4687          0.0000          0.0000          0.0000         33.5577

! The Imaginary Part of dielectric tensor derivatives:
      Mo1    0.333333   0.666667   0.500000
          0.0000         52.4045          0.0000        -10.1457          0.0000          0.0000          0.0000          0.0000          0.0000
         52.4045          0.0000          0.0000          0.0000         10.0618          0.0000          0.0000          0.0000          0.0000
          0.0000          0.0000          0.0000          0.0000          0.0000          0.0000          0.0000          0.0000          0.0000
      S1     0.666667   0.333333   0.435027
          0.0000        -26.1603         -3.0185          5.0309          0.0000          0.0000         -5.8726          0.0000          0.0000
        -26.1603          0.0000          0.0838          0.0000         -5.0309         -2.0124          0.0000         -5.8726          0.0000
         -3.0185          0.0838          0.0000          0.0000         -2.0124          0.0000          0.0000          0.0000         -1.2584
      S2     0.666667   0.333333   0.564973
          0.0000        -26.1603          3.0185          5.0309          0.0000         -0.0000          5.8726          0.0000          0.0000
        -26.1603          0.0000          0.0000          0.0000         -5.0309          2.0962          0.0000          5.8726          0.0000
          3.0185          0.0000          0.0000         -0.0000          2.0962          0.0000          0.0000          0.0000          1.2584
